@@@@@@@@@@@@@@@@@@@@@@@@@@@@@@@@@@@@@@@@@@@@@@@@@@@@@@@@@@@@@@@@@@@@@@@@@@@@@@@@@@
@################################################################################@
@#                                                                              #@
@# 00      00                        00                 00                      #@
@# 00      00                        00                 00                      #@
@# 00      00                        00                 00                      #@
@# 00      00                        00                 00                      #@
@# 00      00                        00                 00                      #@
@# 00      00                        00  	        00                      #@
@# 00      00                        00 	        00                      #@
@# 00      00                        00   00  00     00 00 00	   00    0000   #@
@# 00      00      000        000    00  00   00     00 00 00	   00   0000000 #@
@# 0000000000    0000000    0000000  00 00    00     00 00 00	   00  00       #@
@# 0000000000   00     00  00     00 0000     00     00 00 00      00  00       #@
@# 00      00  00     000 00         00 00    00     00 00 00      00   000000  #@
@# 00      00 00     0000 00         00  00   00     00 00 00	   00        00 #@
@# 00      00 00    00 00  00     00 00   00  00     00 00 00	   00        00 #@
@# 00      00 000000   00   0000000  00    00  0000000  00  00000000   0000000  #@
@# 00      00  000     00     000    00     00  00000   00   00000       0000   #@
@#                                                                              #@
@################################################################################@
@@@@@@@@@@@@@@@@@@@@@@@@@@@@@@@@@@@@@@@@@@@@@@@@@@@@@@@@@@@@@@@@@@@@@@@@@@@@@@@@@@
 
http://www.hotimg.com/direct/YwPE5Ah.png
 
http://www.hotimg.com/direct/sTEN5uf.png
 
http://www.hotimg.com/direct/uxBWSCz.png 
 
http://www.hotimg.com/direct/adzU6KC.png 

this torrent is Seedbox supported please leave your comments and Enjoy the movie

Thanks
