Artist | Black Hatitud                                                 Track's 13                                                         


Album's |  R.E.I.I.G.I.O.N                                          47.1 MB | MP3                                        


~~~~~~~~~~~~~~~~~~~~~~~~~~~~~~~~~~~~~~~~~~~~~~~~~~~~~~~~~~~~~~~~~~~~~~~~~~~~~~~~~




*0000000000000000000000000000000000000000000000000*  
0                                                 0
0  000000  0    0    0000   00000   0     0   0 0 0
0  0       00   0      0   0     0   0   0    0 0 0
0  0       0 0  0      0   0 # # 0    0 0     0 0 0
0  0000    0  0 0      0   0     0     0      0 0 0
0  0       0   00      0   0 ,_, 0     0      0 0 0
0  0       0    0  0   0   0     0     0          0
0  000000  0    0   000     00000      0      0 0 0
0                                                 0                                                *0000000000000000000000000000000000000000000000000*  


comment!and tell a friend!!!!!!!!!!!!!!!!!!!!!!!!!!

AND DON'T FORGET TO SEED!!!!SEED!!!!!SEED!!!!!!!!!!


RIP BY; THE PIRATE RABBIדי פייריט רבי
